0.550995
0.978629
0.945075
0.794750
0.029899
0.563581
0.144750
0.099460
0.747172
0.902570
0.114996
0.851952
0.383001
0.518685
0.738296
0.229066
0.006581
0.411795
0.117153
0.996482
0.963869
0.474892
0.724892
0.821049
0.270191
0.928394
0.745565
0.684994
0.483388
0.414656
0.797305
0.316681
0.662846
0.582807
0.641995
0.091032
0.399457
0.805107
0.190483
0.071610
0.471334
0.558281
0.713467
0.320802
0.975400
0.528731
0.708295
0.825152
0.083181
0.127426
0.474205
0.962251
0.970478
0.940890
0.092476
0.751612
0.462507
0.202829
0.755786
0.454056
0.933355
0.944792
0.754616
0.091010
0.201391
0.419820
0.441545
0.474338
0.052576
0.692802
0.148546
0.601937
0.883221
0.731295
0.718916
0.368473
0.377338
0.449692
0.360224
0.803832
0.002153
0.936573
0.774490
0.623660
0.587165
0.541481
0.630941
0.350902
0.622503
0.740323
0.130641
0.093759
0.924030
0.888281
0.981169
0.403835
0.509644
0.650279
0.705091
0.199830
