0.456327
0.567867
0.830935
0.161300
0.493247
0.235594
0.959918
0.967454
0.986405
0.286756
0.882519
0.377651
0.975754
0.563488
0.941833
0.669680
0.876889
0.824054
0.283331
0.823310
0.915976
0.121161
0.491549
0.991069
0.457103
0.745795
0.755761
0.242277
0.353425
0.518656
0.218923
0.448597
0.028130
0.402378
0.116429
0.679668
0.901677
0.307858
0.942327
0.270163
0.012857
0.551458
0.117730
0.478345
0.454867
0.187182
0.462912
0.234009
0.965880
0.296453
0.099085
0.642989
0.746543
0.592358
0.393783
0.797220
0.283110
0.654013
0.781940
0.113319
0.193351
0.823089
0.673735
0.695686
0.805855
0.758114
0.831548
0.571275
0.630582
0.941335
0.096912
0.355454
0.407734
0.145810
0.128190
0.802592
0.069511
0.441394
0.213157
0.618309
0.561099
0.579103
0.835574
0.411789
0.892350
0.235265
0.744603
0.321303
0.639410
0.177530
0.382564
0.028664
0.994687
0.872703
0.778738
0.712543
0.343805
0.634500
0.713093
0.423724
