001111110000110100001110000,
001111110111101010000111011,
001111110111000111110000011,
001111110100101101110100110,
001111001111010011101111010,
001111110001000001000110110,
001111100001010000111001010,
001111011100101110110001110,
001111110011111101000110101,
001111110110011100001110110,
001111011110101110000011000,
001111110101101000011001100,
001111101100010000011000101,
001111110000010011001000100,
001111110011110100000000111,
001111100110101010010000001,
001110111101011110100010111,
001111101101001011010110110,
001111011110111111101110001,
001111110111111100011001011,
001111110111011011000000000,
001111101111001100100100111,
001111110011100110010010100,
001111110101001000110000001,
001111101000101001010110100,
001111110110110110101011001,
001111110011111011011101010,
001111110010111101011011110,
001111101111011101111110101,
001111101101010001001101110,
001111110100110000011100001,
001111101010001000100100000,
001111110010100110110000010,
001111110001010100110010110,
001111110010010001011001110,
001111011011101001101110111,
001111101100110010000101100,
001111110100111000011011100,
001111100100001100001101110,
001111011001001010101000001,
001111101111000101010010101,
001111110000111011101011011,
001111110011011010100101110,
001111101010010001000000001,
001111110111100110110011110,
001111110000011101011010111,
001111110011010101010010110,
001111110101001100111101001,
001111011010101001011010100,
001111100000001001111011111,
001111101111001011001010111,
001111110111011001010110000,
001111110111100001110001001,
001111110111000011011110001,
001111011011110101100100001,
001111110100000001101001101,
001111101110110011001101101,
001111100100111110110010011,
001111110100000101111011001,
001111101110100001111010000,
001111110110111011110000010,
001111110111000111011101111,
001111110100000100101110100,
001111011011101001100011010,
001111100100111000111001010,
001111101101011011110010101,
001111101110001000010010001,
001111101111001011011100011,
001111010101011101011010011,
001111110011000101011011011,
001111100001100000011100011,
001111110001101000011000100,
001111110110001000011010110,
001111110011101100110110000,
001111110011100000001010111,
001111101011110010101000011,
001111101100000100110010011,
001111101110011000111110000,
001111101011100001101111010,
001111110100110111000111111,
001110110000110100010100111,
001111110110111111000011001,
001111110100011001000100111,
001111110001111110101000001,
001111110001011001010000011,
001111110000101010011110100,
001111110010000110000101011,
001111101011001110101001011,
001111110001111101011100011,
001111110011110110000101110,
001111100000010111000110101,
001111011100000000000100101,
001111110110110010001101001,
001111110110001101100110011,
001111110111101100101101111,
001111101100111011000011011,
001111110000001001111000000,
001111110010011001111000101,
001111110011010010000000110,
001111100100110010100000010;
