001111101110100110100011101,
001111110001000101011111101,
001111110101010010111000001,
001111100010010100101011110,
001111101111110010001010110,
001111100111000100111111100,
001111110111010110111101001,
001111110111011110101011000,
001111110111110010000101000,
001111101001001011010001101,
001111110110000111101100110,
001111101100000101011011100,
001111110111100111001011000,
001111110001000001000000110,
001111110111000100011011111,
001111110010101101110000001,
001111110110000001111011110,
001111110101001011110101001,
001111101001000100010000110,
001111110101001011000100011,
001111110110101001111101011,
001111011111100000100011001,
001111101111101110101100010,
001111110111110110110110101,
001111101110101000001001011,
001111110011111011101100011,
001111110100000101111001100,
001111100111100000010111011,
001111101011010011110100001,
001111110000010011000110101,
001111100110000000101101011,
001111101110010110101110100,
001111001110011001110000011,
001111101100111000000100011,
001111011110111001110010100,
001111110010110111111110101,
001111110110011011010100010,
001111101001110110011111101,
001111110111000100111100010,
001111101000101001010010110,
001111000101001010100101110,
001111110000110100101100010,
001111011111000100011100011,
001111101111010011101001100,
001111101110100011100100010,
001111100011111110101100100,
001111101110110100000010110,
001111100110111110100000001,
001111110111011101000011111,
001111101001011111001000101,
001111011100101011101100110,
001111110010010010011010111,
001111110011111100011101011,
001111110001011110100100101,
001111101100100110011101111,
001111110100110000010110100,
001111101001000011110011110,
001111110010011101101101011,
001111110100100000101101001,
001111011110100000010011110,
001111100100010111111101111,
001111110101001010110101111,
001111110010110001111001111,
001111110011001000011000100,
001111110100111001001100100,
001111110100001000010011101,
001111110101010011100000010,
001111110001001000111111000,
001111110010000101101101110,
001111110111000011111011010,
001111011100011001111001110,
001111101011010111111110001,
001111101101000011000010100,
001111100001010101001111001,
001111100000001101000100001,
001111110100110101110110101,
001111011000111001011011111,
001111101110000111111110011,
001111100101101001000101111,
001111110001111001001001011,
001111110000111110100100001,
001111110001010001000000001,
001111110101010111101000001,
001111101101001011010110000,
001111110110010001110001000,
001111100111000011101001001,
001111110011111010011110010,
001111101010010010000001110,
001111110010001110110000010,
001111100011010111001010011,
001111101100001111011111011,
001111001110101011010000101,
001111110111111010100011110,
001111110101111101101001011,
001111110100011101011011010,
001111110011011001101001001,
001111101011000000000111001,
001111110010001001101110100,
001111110011011010001101001,
001111101101100011110010010;
